version https://git-lfs.github.com/spec/v1
oid sha256:2c0e05c5bbbdf6a59a60d11d1c71210eae1a5a3670755e85398ea2ffeabfe5b2
size 575973
