version https://git-lfs.github.com/spec/v1
oid sha256:559fd35a14235bfcdd6aa0e04d3b562934b12e62f80ee3e520e5b4e2c84804d9
size 3561
