version https://git-lfs.github.com/spec/v1
oid sha256:73384dca267f38be39e025333e83891f60310d3588f0ac2d34f930c56343864e
size 491670
