version https://git-lfs.github.com/spec/v1
oid sha256:cbefde19deaa50562dcf475f6ffd85661ebcdccc5550e7636f3b34d1e04ebf4c
size 89243
